Chi2: 44.85105859791338
DoF: 39
p value: 0.2398835693601049
