Chi2: 44.170713356911335
DoF: 39
p value: 0.26232105680206075
